0.01	10.5	42.318462334255905	0.3399336353595991	
0.16169992081900125	8.273310349682957	46.80918179536666	0.18675817557925273	
0.18138321329438278	8.110826899581975	46.80918179536666	0.18675817557925273	
0.06331601862950065	9.501474189339893	44.53787300853891	0.9503907477252143	
0.12996712132122698	10.120823396658908	44.53787300853891	0	
0.08047017645345543	9.627148278349612	20.41004825728482	0.3877022857254847	
0.08047017645345543	9.627148278349612	23.25862884510245	0.28691702675396435	
0.01	8.424498979898402	6.658598820985573	0.32055994696941226	
0.18118778127882992	10.5	6.658598820985573	0.32055994696941226	
0.041357477363831115	8.379400591309835	13.43185872092464	0.5429850050914031	
0.08386157903301603	7.575504159357169	8.37470801750883	0	
0.03407687040468532	10.5	48	0.5663142039283711	
0.01	9.553449766735291	42.08087063351687	0.814181662776592	
0.19404840547314306	9.553449766735291	39.946155928283076	0.8174710743210609	
0.018197015434595298	7.5	24.586161461000405	0	
0.11687008204258516	10.472509566216036	41.85227599407187	0.6713025587011606	
0.016111407375946366	10.09307418139329	48	0.18449579583690304	
0.2	10.105047327748057	35.70169517616821	0.26626422245347137	
0.033660055228350715	9.808816540664441	33.05574859378662	0.26626422245347137	
0.033660055228350715	9.808816540664441	43.37696340232015	0.9982346487223333	
0.041218891591401255	9.991741037225232	37.308394564924946	0.09465253054846659	
0.11893897550363977	9.991741037225232	30.31053112741119	0.48968683625091186	
0.2	8.650058155483594	35.56872715850766	0	
0.10832130049509989	10.18671969961688	34.367271842722445	0.7726874634496343	
0.18678377929459503	8.269854597174495	31.20143920565091	0.29428413430893985	
0.2	8.847279482682831	36.998720302944406	0.992842380186935	
0.01	8.515432969907033	15.895209968856168	0.10431775781527057	
0.14356757520631308	8.483887631904281	43.22943991549752	0.04604583515135843	
0.16023689976904398	8.483887631904281	32.223737326089164	0.04604583515135843	
0.14829938924326533	10.402444587276523	12.525165115611241	0.17912139751907502	
